============================================================================================================================================
★ 按入场时点拆解 (S2口径每笔0.25单位; ★13:59与v11.9的14:00决策重合)

── CSI500
  时点              训年化      验年化      测年化         ★纯增量训      ★纯增量验      ★纯增量测      相关v119   落red日%     笔数
  1000          +0.10    +1.80    +0.80         -0.83      +0.17      -0.25       +0.14     60.9     87
  1029          +0.07    +1.05    +1.27         -0.54      -0.58      +0.12       +0.24     64.8     91
  1129          +0.64    -0.02    +0.29         +0.01      -0.49      -0.52       +0.15     58.2     91
  1359    ★     +0.95    +0.24    +0.01         +0.41      -0.30      -0.11       +0.16     50.5     93
  前三笔           +0.80    +2.84    +2.36         -1.36      -0.90      -0.65       +0.20     61.3    269
  全部            +1.75    +3.08    +2.37         -0.95      -1.20      -0.75       +0.22     58.6    362

── CSI1000
  时点              训年化      验年化      测年化         ★纯增量训      ★纯增量验      ★纯增量测      相关v119   落red日%     笔数
  1000          +0.36    +2.50    +0.04         -0.66      +0.05      -1.12       +0.21     64.2     95
  1029          +0.67    +1.18    +0.94         -0.54      -0.61      +0.01       +0.24     68.0    103
  1129          +1.28    +0.70    +0.34         +0.23      -0.23      -0.31       +0.19     58.9    107
  1359    ★     +1.19    -0.06    -0.46         +0.40      -0.41      -0.36       +0.16     50.5    109
  前三笔           +2.31    +4.38    +1.32         -0.97      -0.79      -1.41       +0.24     63.6    305
  全部            +3.50    +4.32    +0.86         -0.56      -1.20      -1.77       +0.25     60.1    414

── CNI2000
  时点              训年化      验年化      测年化         ★纯增量训      ★纯增量验      ★纯增量测      相关v119   落red日%     笔数
  1000          +0.37    +3.09    -0.42         -0.90      +0.10      -1.65       +0.23     65.2    112
  1029          +0.98    +1.05    +1.31         -0.27      -0.87      +0.21       +0.28     72.4    105
  1129          +1.27    +1.41    +0.62         +0.22      +0.28      -0.08       +0.21     62.9    105
  1359    ★     +1.55    +0.15    -0.56         +0.62      -0.23      -0.57       +0.17     54.7    106
  前三笔           +2.62    +5.56    +1.52         -0.95      -0.49      -1.53       +0.27     66.8    322
  全部            +4.17    +5.70    +0.96         -0.33      -0.72      -2.10       +0.27     63.8    428